18.14.6  (726,2410)  (771,2456)  (725,2456)  (772,2371)
1.7.16  (2086,526)  (2131,572)  (2096,480)  (2132,526)
7.15.18  (2358,1625)  (2403,1671)  (2404,1582)
1.9.18  (2358,683)  (2403,729)  (2370,637)  (2404,683)
15.16.11  (1406,2332)  (1451,2378)  (1405,2378)  (1452,2292)
17.8.1  (46,1861)  (91,1907)  (45,1907)  (92,1823)
14.8.4  (454,1625)  (499,1671)  (453,1671)  (500,1583)
14.7.3  (318,1547)  (363,1593)  (317,1593)  (364,1505)
6.14.18  (2358,1468)  (2403,1514)  (2404,1424)
17.18.11  (1406,2646)  (1451,2692)  (1405,2692)  (1452,2608)
17.17.10  (1270,2567)  (1315,2613)  (1269,2613)  (1316,2528)
2.2.10  (1270,212)  (1315,258)  (1275,166)  (1316,212)  (1321,164)
9.8.9  (1134,1233)  (1179,1279)  (1133,1279)  (1141,1187)  (1180,1233)
9.9.10  (1270,1311)  (1315,1357)  (1269,1357)  (1316,1266)
18.16.8  (998,2567)  (1043,2613)  (997,2613)  (1044,2528)
9.4.5  (590,919)  (635,965)  (589,965)  (593,873)  (636,919)
16.13.7  (862,2175)  (907,2221)  (861,2221)  (908,2134)
2.5.13  (1678,448)  (1723,494)  (1685,402)  (1724,448)  (1731,400)
12.15.13  (1678,2018)  (1723,2064)  (1677,2064)  (1724,1976)
11.2.1  (46,919)  (91,965)  (45,965)  (46,873)  (92,876)
16.12.6  (726,2096)  (771,2142)  (725,2142)  (772,2055)
14.10.6  (726,1782)  (771,1828)  (725,1828)  (772,1739)
3.8.15  (1950,762)  (1995,808)  (1960,716)  (1996,762)
12.13.11  (1406,1861)  (1451,1907)  (1405,1907)  (1452,1818)
11.4.3  (318,1076)  (363,1122)  (317,1122)  (320,1030)  (364,1076)
12.14.12  (1542,1939)  (1587,1985)  (1541,1985)  (1588,1897)
9.16.17  (2222,1861)  (2267,1907)  (2268,1818)
12.12.10  (1270,1782)  (1315,1828)  (1269,1828)  (1316,1739)
7.12.15  (1950,1390)  (1995,1436)  (1996,1345)
11.10.9  (1134,1547)  (1179,1593)  (1133,1593)  (1180,1502)
7.8.11  (1406,1076)  (1451,1122)  (1414,1030)  (1452,1076)
10.6.6  (726,1154)  (771,1200)  (725,1200)  (731,1108)  (772,1154)
11.17.16  (2086,2096)  (2131,2142)  (2132,2055)
12.17.15  (1950,2175)  (1995,2221)  (1996,2134)
15.11.6  (726,1939)  (771,1985)  (725,1985)  (772,1897)
9.11.12  (1542,1468)  (1587,1514)  (1588,1424)
12.9.7  (862,1547)  (907,1593)  (861,1593)  (908,1502)
13.15.12  (1542,2096)  (1587,2142)  (1541,2142)  (1588,2055)
5.8.13  (1678,919)  (1723,965)  (1687,873)  (1724,919)
2.1.9  (1134,134)  (1179,180)  (1138,88)  (1180,134)  (1184,84)
10.4.4  (454,997)  (499,1043)  (453,1043)  (457,951)  (500,997)
3.5.12  (1542,526)  (1587,572)  (1549,480)  (1588,526)
8.2.4  (454,683)  (499,729)  (453,729)  (456,637)  (500,683)
12.16.14  (1814,2096)  (1859,2142)  (1860,2055)
15.13.8  (998,2096)  (1043,2142)  (997,2142)  (1044,2055)
18.10.2  (182,2096)  (227,2142)  (181,2142)  (228,2060)
9.18.19  (2494,2018)  (2539,2064)  (2540,1976)
10.19.19  (2494,2175)  (2539,2221)  (2540,2134)
12.5.3  (318,1233)  (363,1279)  (317,1279)  (321,1187)  (364,1233)
12.6.4  (454,1311)  (499,1357)  (453,1357)  (500,1267)
4.4.10  (1270,526)  (1315,572)  (1276,480)  (1316,526)
6.13.17  (2222,1390)  (2267,1436)  (2268,1345)
Panel 4  (300,2763)  (254,2808)  (254,2762)  (345,2809)  (300,2717)  (346,2717)  (346,2763)  (252,2716)  (299,2854)  (253,2854)  (208,2808)  (208,2762)  (391,2809)  (391,2855)  (345,2855)  (207,2855)  (298,2671)  (344,2671)  (390,2671)  (392,2717)  (392,2763)  (206,2716)  (206,2670)  (252,2670)  (436,2627)  (299,2900)  (253,2900)  (162,2809)  (162,2763)  (437,2809)  (437,2855)  (437,2901)  (391,2901)  (345,2901)  (207,2901)  (161,2901)  (161,2855)  (298,2625)  (344,2625)  (390,2625)  (438,2673)  (438,2719)  (160,2717)  (160,2671)  (160,2625)  (206,2624)  (252,2624)  (436,2581)  (482,2581)  (482,2627)  (299,2946)  (253,2946)  (116,2809)  (116,2763)  (483,2765)  (483,2811)  (483,2857)  (483,2903)  (437,2947)  (391,2947)  (345,2947)  (207,2947)  (161,2947)  (115,2947)  (115,2901)  (115,2855)  (115,2579)  (298,2579)  (344,2579)  (390,2579)  (484,2673)  (484,2719)  (114,2717)  (114,2671)  (114,2625)  (161,2578)  (207,2578)  (485,2949)  (436,2535)  (482,2535)  (528,2579)  (528,2625)  (70,2809)  (70,2763)  (529,2765)  (529,2811)  (529,2857)  (529,2903)  (69,2954)  (69,2908)  (69,2862)  (69,2579)  (69,2533)  (115,2533)  (253,2533)  (299,2533)  (345,2533)  (530,2671)  (530,2717)  (68,2717)  (68,2671)  (68,2625)  (161,2532)  (207,2532)  (531,2949)  (574,2608)  (24,2816)  (24,2770)  (575,2763)  (575,2809)  (575,2855)  (575,2901)  (23,2954)  (23,2908)  (23,2862)  (23,2579)  (23,2533)  (23,2487)  (69,2487)  (115,2487)  (253,2487)  (299,2487)  (345,2487)  (576,2654)  (576,2700)  (22,2724)  (22,2678)  (22,2632)  (161,2486)  (207,2486)  (577,2947)  (620,2608)  (621,2746)  (621,2792)  (621,2838)  (621,2884)  (0,2441)  (46,2441)  (92,2441)  (253,2441)  (622,2654)  (622,2700)  (138,2440)  (184,2440)  (623,2930)  (667,2746)  (667,2792)  (667,2838)  (667,2884)  (0,2395)  (46,2395)  (92,2395)  (230,2395)  (668,2663)  (138,2394)  (184,2394)  (669,2930)  (713,2709)  (713,2755)  (713,2801)  (713,2847)  (0,2349)  (46,2349)  (92,2349)  (715,2893)  (715,2939)  (759,2686)  (759,2732)  (759,2778)  (759,2824)  (0,2303)  (46,2303)  (92,2303)  (761,2870)  (761,2916)  (805,2743)  (805,2789)  (807,2835)  (807,2881)  (807,2927)  (851,2765)  (853,2811)  (853,2857)  (853,2903)  (853,2949)  (897,2765)  (899,2811)  (899,2857)  (899,2903)  (899,2949)  (945,2827)  (945,2873)  (945,2919)  (991,2844)  (991,2890)  (991,2936)  (1037,2844)  (1037,2890)  (1037,2936)  (1083,2909)  (1129,2923)  (1175,2923)
10.2.2  (182,840)  (227,886)  (181,886)  (183,794)  (228,840)
17.19.12  (1542,2724)  (1587,2770)  (1541,2770)  (1588,2686)
12.19.17  (2222,2332)  (2267,2378)  (2268,2292)
Panel 3  (2240,2781)  (2194,2826)  (2194,2780)  (2285,2827)  (2240,2735)  (2286,2735)  (2286,2781)  (2192,2734)  (2239,2872)  (2193,2872)  (2148,2826)  (2148,2780)  (2331,2827)  (2331,2873)  (2285,2873)  (2147,2873)  (2238,2689)  (2284,2689)  (2330,2689)  (2332,2735)  (2332,2781)  (2146,2734)  (2146,2688)  (2192,2688)  (2376,2645)  (2239,2918)  (2193,2918)  (2102,2827)  (2102,2781)  (2377,2827)  (2377,2873)  (2377,2919)  (2331,2919)  (2285,2919)  (2147,2919)  (2101,2919)  (2101,2873)  (2238,2643)  (2284,2643)  (2330,2643)  (2378,2691)  (2378,2737)  (2100,2735)  (2100,2689)  (2100,2643)  (2146,2642)  (2192,2642)  (2376,2599)  (2422,2599)  (2422,2645)  (2056,2827)  (2056,2781)  (2423,2783)  (2423,2829)  (2423,2875)  (2423,2921)  (2055,2954)  (2055,2908)  (2059,2597)  (2238,2597)  (2284,2597)  (2330,2597)  (2424,2691)  (2424,2737)  (2054,2735)  (2054,2689)  (2054,2643)  (2105,2596)  (2151,2596)  (2376,2553)  (2422,2553)  (2468,2553)  (2468,2599)  (2468,2645)  (2010,2862)  (2010,2816)  (2469,2783)  (2469,2829)  (2469,2875)  (2469,2921)  (2009,2954)  (2009,2908)  (2197,2551)  (2243,2551)  (2289,2551)  (2470,2691)  (2470,2737)  (2008,2770)  (2008,2724)  (2008,2678)  (2008,2632)  (2086,2550)  (2132,2550)  (2335,2507)  (2381,2507)  (2427,2507)  (2473,2507)  (2514,2553)  (2514,2599)  (2514,2645)  (1964,2862)  (1964,2816)  (2515,2783)  (2515,2829)  (2515,2875)  (2515,2921)  (1963,2954)  (1963,2908)  (2203,2505)  (2249,2505)  (2516,2691)  (2516,2737)  (1962,2770)  (1962,2724)  (1962,2678)  (1962,2632)  (2519,2502)  (2295,2461)  (2341,2461)  (2387,2461)  (2433,2461)  (2560,2548)  (2560,2594)  (2560,2640)  (1918,2862)  (1918,2816)  (2561,2783)  (2561,2829)  (2561,2875)  (2561,2921)  (1917,2954)  (1917,2908)  (2229,2459)  (2562,2686)  (2562,2732)  (1916,2770)  (1916,2724)  (2479,2456)  (2525,2456)  (2565,2502)  (2571,2450)  (2346,2415)  (2392,2415)  (1872,2862)  (1872,2816)  (1871,2954)  (1871,2908)  (1870,2770)  (1870,2724)  (2438,2410)  (2484,2410)  (2530,2404)  (2576,2404)  (1826,2862)  (1826,2816)  (1825,2954)  (1825,2908)  (1824,2770)  (1824,2724)  (2467,2364)  (2513,2358)  (2559,2358)  (1780,2862)  (1780,2816)  (1779,2954)  (1779,2908)  (1778,2770)  (2497,2312)  (2543,2312)  (2589,2312)  (1734,2862)  (1734,2816)  (1733,2954)  (1733,2908)  (1732,2770)  (1688,2862)  (1688,2816)  (1687,2954)  (1687,2908)  (1686,2770)  (1642,2862)  (1641,2954)  (1641,2908)  (1596,2862)  (1595,2954)  (1595,2908)  (1550,2862)  (1549,2954)  (1549,2908)  (1503,2954)  (1457,2954)  (1411,2954)
Panel 2  (2285,221)  (2239,266)  (2239,220)  (2330,267)  (2285,175)  (2331,175)  (2331,221)  (2237,174)  (2284,312)  (2238,312)  (2193,266)  (2193,220)  (2376,267)  (2376,313)  (2330,313)  (2192,313)  (2283,129)  (2329,129)  (2375,129)  (2377,175)  (2377,221)  (2191,174)  (2191,128)  (2237,128)  (2421,85)  (2284,358)  (2238,358)  (2147,267)  (2147,221)  (2422,267)  (2422,313)  (2422,359)  (2376,359)  (2330,359)  (2192,359)  (2146,359)  (2146,313)  (2283,83)  (2329,83)  (2375,83)  (2423,131)  (2423,177)  (2145,175)  (2145,129)  (2145,83)  (2191,82)  (2237,82)  (2421,39)  (2467,39)  (2467,85)  (2284,404)  (2238,404)  (2101,267)  (2101,221)  (2468,223)  (2468,269)  (2468,315)  (2468,361)  (2422,405)  (2376,405)  (2330,405)  (2192,405)  (2146,405)  (2100,405)  (2100,359)  (2100,313)  (2100,37)  (2283,37)  (2329,37)  (2375,37)  (2469,131)  (2469,177)  (2099,175)  (2099,129)  (2099,83)  (2146,36)  (2192,36)  (2470,407)  (2513,0)  (2513,46)  (2284,450)  (2238,450)  (2055,267)  (2055,221)  (2514,223)  (2514,269)  (2514,315)  (2514,361)  (2424,451)  (2378,451)  (2332,451)  (2054,349)  (2054,37)  (2515,92)  (2515,138)  (2053,175)  (2053,129)  (2053,83)  (2516,407)  (2516,453)  (2470,453)  (2559,0)  (2559,46)  (2286,496)  (2240,496)  (2009,303)  (2009,257)  (2560,184)  (2560,230)  (2560,276)  (2560,322)  (2424,497)  (2378,497)  (2332,497)  (2008,37)  (2561,92)  (2561,138)  (2007,211)  (2007,165)  (2007,119)  (2562,368)  (2562,414)  (2562,460)  (2516,499)  (2470,499)  (2569,506)  (1963,346)  (1963,300)  (2424,543)  (2378,543)  (1962,73)  (1962,27)  (1961,254)  (1961,208)  (1961,162)  (2523,545)  (2477,545)  (2598,552)  (1916,116)  (1916,70)  (1916,24)  (1915,267)  (1915,221)  (1915,175)  (2552,591)  (2506,591)  (2598,598)  (1870,129)  (1870,83)  (1870,37)  (1869,267)  (1869,221)  (1869,175)  (2552,637)  (2506,637)  (2598,644)  (1824,129)  (1824,83)  (1824,37)  (1823,265)  (1823,219)  (1778,173)  (1778,127)  (1778,81)  (1778,35)  (1732,188)  (1732,142)  (1732,96)  (1732,50)  (1732,4)  (1686,185)  (1686,139)  (1686,93)  (1686,47)  (1686,1)  (1640,109)  (1640,63)  (1640,17)  (1594,109)  (1594,63)  (1594,17)  (1548,104)  (1548,58)  (1548,12)  (1502,30)  (1456,30)  (1410,23)
18.12.4  (454,2253)  (499,2299)  (453,2299)  (500,2214)
Panel 1  (344,205)  (298,250)  (298,204)  (389,251)  (344,159)  (390,159)  (390,205)  (296,158)  (343,296)  (297,296)  (252,250)  (252,204)  (435,251)  (435,297)  (389,297)  (251,297)  (342,113)  (388,113)  (434,113)  (436,159)  (436,205)  (250,158)  (250,112)  (296,112)  (480,69)  (343,342)  (297,342)  (206,251)  (206,205)  (481,251)  (481,297)  (481,343)  (435,343)  (389,343)  (251,343)  (205,343)  (205,297)  (342,67)  (388,67)  (434,67)  (482,115)  (482,161)  (204,159)  (204,113)  (204,67)  (250,66)  (296,66)  (480,23)  (526,23)  (526,69)  (343,388)  (297,388)  (160,251)  (160,205)  (527,207)  (527,253)  (527,299)  (527,345)  (481,389)  (435,389)  (389,389)  (251,389)  (205,389)  (159,389)  (159,343)  (159,297)  (159,21)  (342,21)  (388,21)  (434,21)  (528,115)  (528,161)  (158,159)  (158,113)  (158,67)  (205,20)  (251,20)  (572,0)  (572,46)  (343,434)  (297,434)  (114,251)  (114,205)  (573,207)  (573,253)  (573,299)  (573,345)  (402,435)  (251,435)  (205,435)  (159,435)  (113,435)  (113,389)  (113,343)  (113,297)  (113,21)  (574,92)  (574,138)  (112,159)  (112,113)  (112,67)  (618,0)  (618,46)  (356,480)  (310,480)  (68,251)  (68,205)  (619,184)  (619,230)  (619,276)  (619,322)  (264,481)  (218,481)  (172,481)  (126,481)  (80,481)  (67,435)  (67,389)  (67,343)  (67,297)  (67,21)  (620,92)  (620,138)  (66,159)  (66,113)  (66,67)  (34,514)  (664,0)  (664,46)  (22,251)  (22,205)  (665,184)  (665,230)  (665,276)  (257,527)  (211,527)  (165,527)  (119,527)  (21,468)  (21,422)  (21,376)  (21,330)  (21,21)  (666,92)  (666,138)  (20,159)  (20,113)  (20,67)  (73,560)  (27,560)  (710,0)  (710,46)  (711,184)  (711,230)  (231,573)  (185,573)  (139,573)  (712,92)  (712,138)  (93,606)  (47,606)  (1,606)  (756,0)  (756,46)  (757,184)  (757,230)  (758,92)  (758,138)  (94,652)  (48,652)  (2,652)  (802,0)  (802,46)  (803,184)  (804,92)  (804,138)  (848,0)  (848,46)  (849,184)  (850,92)  (850,138)  (894,0)  (894,46)  (895,184)  (896,92)  (896,138)  (940,0)  (940,46)  (942,92)  (986,0)  (986,46)  (988,92)  (1032,0)  (1032,46)  (1034,92)  (1078,0)  (1078,46)  (1124,0)  (1170,0)
8.6.8  (998,997)  (1043,1043)  (997,1043)  (1004,951)  (1044,997)
9.10.11  (1406,1390)  (1451,1436)  (1452,1345)
18.15.7  (862,2489)  (907,2535)  (861,2535)  (908,2450)
4.3.9  (1134,448)  (1179,494)  (1138,402)  (1180,448)  (1184,400)
5.3.8  (998,526)  (1043,572)  (1002,480)  (1044,526)  (1048,480)
10.17.17  (2222,2018)  (2267,2064)  (2268,1976)
4.2.8  (998,369)  (1043,415)  (1002,323)  (1044,369)  (1048,322)
5.2.7  (862,448)  (907,494)  (865,402)  (908,448)  (911,401)
13.4.1  (46,1233)  (91,1279)  (45,1279)  (48,1187)  (92,1233)
11.13.12  (1542,1782)  (1587,1828)  (1541,1828)  (1588,1739)
10.15.15  (1950,1861)  (1995,1907)  (1996,1818)
13.10.7  (862,1704)  (907,1750)  (861,1750)  (908,1660)
5.7.12  (1542,840)  (1587,886)  (1550,794)  (1588,840)
5.12.17  (2222,1233)  (2267,1279)  (2235,1187)  (2268,1233)
10.13.13  (1678,1704)  (1723,1750)  (1724,1660)
5.1.6  (726,369)  (771,415)  (725,415)  (729,323)  (772,369)  (775,323)
13.11.8  (998,1782)  (1043,1828)  (997,1828)  (1044,1739)
16.9.3  (318,1861)  (363,1907)  (317,1907)  (364,1821)
10.10.10  (1270,1468)  (1315,1514)  (1269,1514)  (1316,1424)
3.1.8  (998,212)  (1043,258)  (1001,166)  (1044,212)  (1047,163)
17.12.5  (590,2175)  (635,2221)  (589,2221)  (636,2135)
17.13.6  (726,2253)  (771,2299)  (725,2299)  (772,2213)
3.6.13  (1678,605)  (1723,651)  (1686,559)  (1724,605)
4.1.7  (862,291)  (907,337)  (864,245)  (908,291)  (910,243)
11.3.2  (182,997)  (227,1043)  (181,1043)  (183,951)  (228,997)
9.15.16  (2086,1782)  (2131,1828)  (2132,1739)
11.16.15  (1950,2018)  (1995,2064)  (1996,1976)
2.3.11  (1406,291)  (1451,337)  (1412,245)  (1452,291)  (1458,243)
7.11.14  (1814,1311)  (1859,1357)  (1860,1266)
6.2.6  (726,526)  (771,572)  (725,572)  (729,480)  (772,526)
3.2.9  (1134,291)  (1179,337)  (1138,245)  (1180,291)  (1184,242)
18.19.11  (1372,2781)  (1406,2803)  (1451,2849)  (1405,2849)  (1452,2765)
3.7.14  (1814,683)  (1859,729)  (1823,637)  (1860,683)
9.13.14  (1814,1625)  (1859,1671)  (1860,1582)
17.16.9  (1134,2489)  (1179,2535)  (1133,2535)  (1180,2450)
2.11.19  (2494,919)  (2539,965)  (2507,873)  (2540,919)
12.11.9  (1134,1704)  (1179,1750)  (1133,1750)  (1180,1660)
16.16.10  (1270,2410)  (1315,2456)  (1269,2456)  (1316,2371)
19.19.10  (1270,2881)  (1315,2927)  (1269,2927)  (1316,2844)
10.16.16  (2086,1939)  (2131,1985)  (2132,1897)
5.5.10  (1270,683)  (1315,729)  (1276,637)  (1316,683)
19.15.6  (726,2567)  (771,2613)  (725,2613)  (772,2528)
15.10.5  (590,1861)  (635,1907)  (589,1907)  (636,1819)
10.14.14  (1814,1782)  (1859,1828)  (1860,1739)
6.15.19  (2494,1547)  (2539,1593)  (2540,1502)
7.4.7  (862,762)  (907,808)  (861,808)  (866,716)  (908,762)
15.8.3  (318,1704)  (363,1750)  (317,1750)  (364,1663)
7.7.10  (1270,997)  (1315,1043)  (1277,951)  (1316,997)
10.9.9  (1134,1390)  (1179,1436)  (1133,1436)  (1180,1345)
15.7.2  (182,1625)  (227,1671)  (181,1671)  (228,1586)
16.17.11  (1406,2489)  (1451,2535)  (1405,2535)  (1452,2450)
10.5.5  (590,1076)  (635,1122)  (589,1122)  (594,1030)  (636,1076)
18.11.3  (318,2175)  (363,2221)  (317,2221)  (364,2137)
19.11.2  (182,2253)  (227,2299)  (181,2299)  (228,2217)
6.12.16  (2086,1311)  (2131,1357)  (2132,1266)
4.12.18  (2358,1154)  (2403,1200)  (2372,1108)  (2404,1154)
7.10.13  (1678,1233)  (1723,1279)  (1688,1187)  (1724,1233)
10.1.1  (46,762)  (91,808)  (45,808)  (46,716)  (92,719)
11.8.7  (862,1390)  (907,1436)  (861,1436)  (908,1345)
13.8.5  (590,1547)  (635,1593)  (589,1593)  (636,1503)
11.7.6  (726,1311)  (771,1357)  (725,1357)  (772,1266)
13.7.4  (454,1468)  (499,1514)  (453,1514)  (500,1425)
13.17.14  (1814,2253)  (1859,2299)  (1813,2299)  (1860,2213)
13.16.13  (1678,2175)  (1723,2221)  (1677,2221)  (1724,2134)
15.14.9  (1134,2175)  (1179,2221)  (1133,2221)  (1180,2134)
14.19.15  (1950,2489)  (1995,2535)  (1949,2535)  (1996,2450)
14.17.13  (1678,2332)  (1723,2378)  (1677,2378)  (1724,2292)
14.14.10  (1270,2096)  (1315,2142)  (1269,2142)  (1316,2055)
11.12.11  (1406,1704)  (1451,1750)  (1405,1750)  (1452,1660)
8.15.17  (2222,1704)  (2267,1750)  (2268,1660)
16.11.5  (590,2018)  (635,2064)  (589,2064)  (636,1977)
9.2.3  (318,762)  (363,808)  (317,808)  (319,716)  (364,762)
2.4.12  (1542,369)  (1587,415)  (1549,323)  (1588,369)  (1595,323)
8.8.10  (1270,1154)  (1315,1200)  (1278,1108)  (1316,1154)
16.14.8  (998,2253)  (1043,2299)  (997,2299)  (1044,2213)
9.6.7  (862,1076)  (907,1122)  (861,1122)  (867,1030)  (908,1076)
12.18.16  (2086,2253)  (2131,2299)  (2132,2213)
16.15.9  (1134,2332)  (1179,2378)  (1133,2378)  (1180,2292)
3.3.10  (1270,369)  (1315,415)  (1275,323)  (1316,369)  (1321,322)
14.9.5  (590,1704)  (635,1750)  (589,1750)  (636,1661)
2.8.16  (2086,683)  (2131,729)  (2096,637)  (2132,683)
19.10.1  (46,2175)  (91,2221)  (45,2221)  (92,2139)
16.10.4  (454,1939)  (499,1985)  (453,1985)  (500,1899)
1.2.11  (1406,134)  (1451,180)  (1411,88)  (1452,134)  (1457,84)
8.14.16  (2086,1625)  (2131,1671)  (2132,1582)
3.10.17  (2222,919)  (2267,965)  (2234,873)  (2268,919)
4.6.12  (1542,683)  (1587,729)  (1550,637)  (1588,683)
7.6.9  (1134,919)  (1179,965)  (1140,873)  (1180,919)
14.12.8  (998,1939)  (1043,1985)  (997,1985)  (1044,1897)
19.18.9  (1114,2781)  (1134,2803)  (1179,2849)  (1133,2849)  (1180,2765)
11.14.13  (1678,1861)  (1723,1907)  (1724,1818)
5.10.15  (1950,1076)  (1995,1122)  (1961,1030)  (1996,1076)
3.9.16  (2086,840)  (2131,886)  (2097,794)  (2132,840)
7.13.16  (2086,1468)  (2131,1514)  (2132,1424)
18.18.10  (1235,2702) (1270,2724)  (1315,2770)  (1269,2770)  (1316,2686)
4.13.19  (2494,1233)  (2539,1279)  (2508,1187)  (2540,1233)
5.13.18  (2358,1311)  (2403,1357)  (2404,1266)
19.16.7  (862,2646)  (907,2692)  (861,2692)  (908,2608)
14.6.2  (182,1468)  (227,1514)  (181,1514)  (228,1428)
5.11.16  (2086,1154)  (2131,1200)  (2098,1108)  (2132,1154)
8.11.13  (1678,1390)  (1723,1436)  (1724,1345)
14.5.1  (46,1390)  (91,1436)  (45,1436)  (92,1350)
3.11.18  (2358,997)  (2403,1043)  (2371,951)  (2404,997)
7.14.17  (2222,1547)  (2267,1593)  (2268,1502)
7.3.6  (726,683)  (771,729)  (725,729)  (729,637)  (772,683)
2.9.17  (2222,762)  (2267,808)  (2233,716)  (2268,762)
12.10.8  (998,1625)  (1043,1671)  (997,1671)  (1044,1582)
16.19.13  (1678,2646)  (1723,2692)  (1677,2692)  (1724,2608)
5.6.11  (1406,762)  (1451,808)  (1413,716)  (1452,762)
6.1.5  (590,448)  (635,494)  (589,494)  (592,402)  (636,448)  (638,402)
6.3.7  (862,605)  (907,651)  (865,559)  (908,605)  (911,559)
13.13.10  (1270,1939)  (1315,1985)  (1269,1985)  (1316,1897)
1.1.10  (1270,55)  (1315,101)  (1274,9)  (1316,55)  (1320,5)
8.17.19  (2494,1861)  (2539,1907)  (2540,1818)
6.5.9  (1134,762)  (1179,808)  (1139,716)  (1180,762)
13.14.11  (1406,2018)  (1451,2064)  (1405,2064)  (1452,1976)
7.1.4  (454,526)  (499,572)  (453,572)  (455,480)  (500,526)  (501,480)
19.12.3  (318,2332)  (363,2378)  (317,2378)  (364,2295)
8.4.6  (726,840)  (771,886)  (725,886)  (730,794)  (772,840)
19.14.5  (590,2489)  (635,2535)  (589,2535)  (636,2451)
8.16.18  (2358,1782)  (2403,1828)  (2404,1739)
6.8.12  (1542,997)  (1587,1043)  (1551,951)  (1588,997)
13.19.16  (2086,2410)  (2131,2456)  (2132,2371)
1.6.15  (1950,448)  (1995,494)  (1959,402)  (1996,448)  (2005,401)
1.5.14  (1814,369)  (1859,415)  (1822,323)  (1860,369)  (1868,322)
13.12.9  (1134,1861)  (1179,1907)  (1133,1907)  (1180,1818)
12.7.5  (590,1390)  (635,1436)  (589,1436)  (636,1346)
1.3.12  (1542,212)  (1587,258)  (1548,166)  (1588,212)  (1594,164)
9.12.13  (1678,1547)  (1723,1593)  (1724,1502)
2.10.18  (2358,840)  (2403,886)  (2371,794)  (2404,840)
5.4.9  (1134,605)  (1179,651)  (1139,559)  (1180,605)
12.8.6  (726,1468)  (771,1514)  (725,1514)  (772,1424)
13.6.3  (318,1390)  (363,1436)  (317,1436)  (364,1348)
8.13.15  (1950,1547)  (1995,1593)  (1996,1502)
15.18.13  (1678,2489)  (1723,2535)  (1677,2535)  (1724,2450)
17.15.8  (998,2410)  (1043,2456)  (997,2456)  (1044,2371)
8.7.9  (1134,1076)  (1179,1122)  (1133,1122)  (1140,1030)  (1180,1076)
17.14.7  (862,2332)  (907,2378)  (861,2378)  (908,2292)
11.11.10  (1270,1625)  (1315,1671)  (1269,1671)  (1316,1582)
14.15.11  (1406,2175)  (1451,2221)  (1405,2221)  (1452,2134)
9.1.2  (182,683)  (227,729)  (181,729)  (182,637)  (228,639)
13.5.2  (182,1311)  (227,1357)  (181,1357)  (228,1270)
9.7.8  (998,1154)  (1043,1200)  (997,1200)  (1005,1108)  (1044,1154)
15.17.12  (1542,2410)  (1587,2456)  (1541,2456)  (1588,2371)
6.6.10  (1270,840)  (1315,886)  (1277,794)  (1316,840)
9.3.4  (454,840)  (499,886)  (453,886)  (456,794)  (500,840)
9.5.6  (726,997)  (771,1043)  (725,1043)  (730,951)  (772,997)
5.14.19  (2494,1390)  (2539,1436)  (2540,1345)
12.4.2  (182,1154)  (227,1200)  (181,1200)  (184,1108)  (228,1154)
18.9.1  (46,2018)  (91,2064)  (45,2064)  (92,1981)
4.11.17  (2222,1076)  (2267,1122)  (2234,1030)  (2268,1076)
12.3.1  (46,1076)  (91,1122)  (45,1122)  (47,1030)  (92,1076)
18.17.9  (1134,2646)  (1179,2692)  (1133,2692)  (1180,2608)
5.9.14  (1814,997)  (1859,1043)  (1824,951)  (1860,997)
16.7.1  (46,1704)  (91,1750)  (45,1750)  (92,1666)
7.5.8  (998,840)  (1043,886)  (997,886)  (1003,794)  (1044,840)
10.7.7  (862,1233)  (907,1279)  (861,1279)  (868,1187)  (908,1233)
10.8.8  (998,1311)  (1043,1357)  (997,1357)  (1044,1266)
16.8.2  (182,1782)  (227,1828)  (181,1828)  (228,1744)
4.7.13  (1678,762)  (1723,808)  (1686,716)  (1724,762)
14.13.9  (1134,2018)  (1179,2064)  (1133,2064)  (1180,1976)
13.18.15  (1950,2332)  (1995,2378)  (1996,2292)
4.9.15  (1950,919)  (1995,965)  (1960,873)  (1996,919)
19.17.8  (998,2724)  (1043,2770)  (997,2770)  (1044,2686)
14.11.7  (862,1861)  (907,1907)  (861,1907)  (908,1818)
15.15.10  (1270,2253)  (1315,2299)  (1269,2299)  (1316,2213)
9.17.18  (2358,1939)  (2403,1985)  (2404,1897)
9.14.15  (1950,1704)  (1995,1750)  (1996,1660)
13.9.6  (726,1625)  (771,1671)  (725,1671)  (772,1582)
1.10.19  (2494,762)  (2539,808)  (2506,716)  (2540,762)
11.6.5  (590,1233)  (635,1279)  (589,1279)  (595,1187)  (636,1233)
17.10.3  (318,2018)  (363,2064)  (317,2064)  (364,1979)
4.5.11  (1406,605)  (1451,651)  (1413,559)  (1452,605)
17.11.4  (454,2096)  (499,2142)  (453,2142)  (500,2057)
6.4.8  (998,683)  (1043,729)  (1003,637)  (1044,683)
7.9.12  (1542,1154)  (1587,1200)  (1551,1108)  (1588,1154)
11.5.4  (454,1154)  (499,1200)  (453,1200)  (458,1108)  (500,1154)
1.4.13  (1678,291)  (1723,337)  (1685,245)  (1724,291)  (1731,243)
8.5.7  (862,919)  (907,965)  (861,965)  (866,873)  (908,919)
11.19.18  (2358,2253)  (2403,2299)  (2404,2213)
10.12.12  (1542,1625)  (1587,1671)  (1541,1671)  (1588,1582)
14.18.14  (1814,2410)  (1859,2456)  (1813,2456)  (1860,2371)
15.9.4  (454,1782)  (499,1828)  (453,1828)  (500,1741)
6.7.11  (1406,919)  (1451,965)  (1413,873)  (1452,919)
10.11.11  (1406,1547)  (1451,1593)  (1405,1593)  (1452,1502)
3.4.11  (1406,448)  (1451,494)  (1412,402)  (1452,448)  (1458,401)
8.3.5  (590,762)  (635,808)  (589,808)  (593,716)  (636,762)
19.13.4  (454,2410)  (499,2456)  (453,2456)  (500,2372)
2.7.15  (1950,605)  (1995,651)  (1959,559)  (1996,605)  (2005,559)
1.8.17  (2222,605)  (2267,651)  (2233,559)  (2268,605)
7.2.5  (590,605)  (635,651)  (589,651)  (592,559)  (636,605)
8.9.11  (1406,1233)  (1451,1279)  (1415,1187)  (1452,1233)
14.16.12  (1542,2253)  (1587,2299)  (1541,2299)  (1588,2213)
10.3.3  (318,919)  (363,965)  (317,965)  (320,873)  (364,919)
11.9.8  (998,1468)  (1043,1514)  (997,1514)  (1044,1424)
4.10.16  (2086,997)  (2131,1043)  (2097,951)  (2132,997)
6.9.13  (1678,1076)  (1723,1122)  (1687,1030)  (1724,1076)
10.18.18  (2358,2096)  (2403,2142)  (2404,2055)
15.19.14  (1814,2567)  (1859,2613)  (1813,2613)  (1860,2528)
7.16.19  (2494,1704)  (2539,1750)  (2540,1660)
8.12.14  (1814,1468)  (1859,1514)  (1860,1424)
8.1.3  (318,605)  (363,651)  (317,651)  (319,559)  (364,605)
16.18.12  (1542,2567)  (1587,2613)  (1541,2613)  (1588,2528)
18.13.5  (590,2332)  (635,2378)  (589,2378)  (636,2293)
15.6.1  (46,1547)  (91,1593)  (45,1593)  (92,1508)
4.8.14  (1814,840)  (1859,886)  (1823,794)  (1860,840)
3.12.19  (2494,1076)  (2539,1122)  (2507,1030)  (2540,1076)
15.12.7  (862,2018)  (907,2064)  (861,2064)  (908,1976)
6.11.15  (1950,1233)  (1995,1279)  (1962,1187)  (1996,1233)
17.9.2  (182,1939)  (227,1985)  (181,1985)  (228,1902)
2.6.14  (1814,526)  (1859,572)  (1822,480)  (1860,526)  (1868,480)
11.15.14  (1814,1939)  (1859,1985)  (1860,1897)
11.18.17  (2222,2175)  (2267,2221)  (2268,2134)
6.10.14  (1814,1154)  (1859,1200)  (1825,1108)  (1860,1154)
8.10.12  (1542,1311)  (1587,1357)  (1588,1266)